Temperature: loadcase=1,period=1
   1           19.387
   2           19.387
   3           19.387
   4           19.387
   5           19.387
   6           19.387
   7           19.387
   8           19.387
   9           14.282
  10           14.281
  11           14.283
  12           14.282
  13           14.284
  14           14.280
  15           14.283
  16           14.280
Temperature: loadcase=1,period=2
   1           18.504
   2           18.504
   3           18.504
   4           18.504
   5           18.504
   6           18.504
   7           18.504
   8           18.504
   9           14.598
  10           14.564
  11           14.598
  12           14.565
  13           14.559
  14           14.604
  15           14.559
  16           14.603
Temperature: loadcase=1,period=3
   1           17.584
   2           17.583
   3           17.584
   4           17.583
   5           17.583
   6           17.584
   7           17.583
   8           17.584
   9           12.610
  10           12.647
  11           12.609
  12           12.647
  13           12.649
  14           12.607
  15           12.649
  16           12.607
Temperature: loadcase=1,period=4
   1           16.803
   2           16.803
   3           16.803
   4           16.803
   5           16.803
   6           16.803
   7           16.803
   8           16.803
   9           12.873
  10           12.832
  11           12.874
  12           12.832
  13           12.828
  14           12.878
  15           12.827
  16           12.878
Temperature: loadcase=1,period=5
   1           15.992
   2           15.992
   3           15.992
   4           15.992
   5           15.992
   6           15.992
   7           15.992
   8           15.992
   9           11.151
  10           11.179
  11           11.152
  12           11.179
  13           11.180
  14           11.152
  15           11.178
  16           11.151
Temperature: loadcase=1,period=6
   1           15.301
   2           15.301
   3           15.301
   4           15.301
   5           15.301
   6           15.301
   7           15.301
   8           15.301
   9           11.344
  10           11.315
  11           11.344
  12           11.316
  13           11.311
  14           11.349
  15           11.310
  16           11.349
Temperature: loadcase=1,period=7
   1           14.586
   2           14.586
   3           14.586
   4           14.586
   5           14.586
   6           14.586
   7           14.586
   8           14.586
   9            9.858
  10            9.885
  11            9.857
  12            9.885
  13            9.887
  14            9.855
  15            9.886
  16            9.856
Temperature: loadcase=1,period=8
   1           13.976
   2           13.976
   3           13.976
   4           13.976
   5           13.976
   6           13.976
   7           13.976
   8           13.976
   9           10.007
  10            9.969
  11           10.007
  12            9.969
  13            9.957
  14           10.019
  15            9.956
  16           10.019
Temperature: loadcase=1,period=9
   1           13.346
   2           13.346
   3           13.346
   4           13.346
   5           13.346
   6           13.346
   7           13.346
   8           13.346
   9            8.716
  10            8.736
  11            8.717
  12            8.737
  13            8.747
  14            8.706
  15            8.747
  16            8.706
Temperature: loadcase=1,period=10
   1           12.806
   2           12.806
   3           12.806
   4           12.806
   5           12.806
   6           12.806
   7           12.806
   8           12.806
   9            8.813
  10            8.797
  11            8.813
  12            8.797
  13            8.779
  14            8.831
  15            8.779
  16            8.831
Temperature: loadcase=1,period=11
   1           12.251
   2           12.250
   3           12.251
   4           12.250
   5           12.251
   6           12.251
   7           12.251
   8           12.251
   9            7.715
  10            7.713
  11            7.715
  12            7.713
  13            7.726
  14            7.703
  15            7.725
  16            7.703
Temperature: loadcase=1,period=12
   1           11.773
   2           11.773
   3           11.773
   4           11.773
   5           11.773
   6           11.773
   7           11.773
   8           11.773
   9            7.767
  10            7.759
  11            7.766
  12            7.760
  13            7.748
  14            7.778
  15            7.748
  16            7.777
Temperature: loadcase=1,period=13
   1           11.284
   2           11.284
   3           11.284
   4           11.284
   5           11.284
   6           11.284
   7           11.284
   8           11.284
   9            6.816
  10            6.821
  11            6.817
  12            6.821
  13            6.821
  14            6.817
  15            6.821
  16            6.817
Temperature: loadcase=1,period=14
   1           10.861
   2           10.861
   3           10.861
   4           10.861
   5           10.861
   6           10.861
   7           10.861
   8           10.861
   9            6.840
  10            6.849
  11            6.839
  12            6.850
  13            6.849
  14            6.840
  15            6.849
  16            6.840
Temperature: loadcase=1,period=15
   1           10.430
   2           10.430
   3           10.430
   4           10.430
   5           10.430
   6           10.430
   7           10.430
   8           10.430
   9            6.033
  10            6.021
  11            6.033
  12            6.022
  13            6.023
  14            6.032
  15            6.023
  16            6.030
Temperature: loadcase=1,period=16
   1           10.057
   2           10.057
   3           10.057
   4           10.057
   5           10.057
   6           10.057
   7           10.057
   8           10.057
   9            6.034
  10            6.036
  11            6.033
  12            6.036
  13            6.033
  14            6.036
  15            6.033
  16            6.037
Temperature: loadcase=1,period=17
   1            9.676
   2            9.676
   3            9.676
   4            9.676
   5            9.676
   6            9.676
   7            9.676
   8            9.676
   9            5.330
  10            5.325
  11            5.329
  12            5.325
  13            5.321
  14            5.333
  15            5.321
  16            5.333
Temperature: loadcase=1,period=18
   1            9.346
   2            9.346
   3            9.346
   4            9.346
   5            9.346
   6            9.346
   7            9.346
   8            9.346
   9            5.317
  10            5.325
  11            5.317
  12            5.326
  13            5.325
  14            5.318
  15            5.325
  16            5.318
Temperature: loadcase=1,period=19
   1            9.011
   2            9.011
   3            9.011
   4            9.011
   5            9.011
   6            9.011
   7            9.011
   8            9.011
   9            4.714
  10            4.703
  11            4.713
  12            4.703
  13            4.701
  14            4.716
  15            4.701
  16            4.716
Temperature: loadcase=1,period=20
   1            8.719
   2            8.719
   3            8.719
   4            8.719
   5            8.719
   6            8.719
   7            8.719
   8            8.719
   9            4.688
  10            4.696
  11            4.688
  12            4.696
  13            4.692
  14            4.692
  15            4.692
  16            4.692
Temperature: loadcase=1,period=21
   1            8.424
   2            8.424
   3            8.424
   4            8.424
   5            8.424
   6            8.424
   7            8.424
   8            8.424
   9            4.163
  10            4.159
  11            4.163
  12            4.158
  13            4.159
  14            4.163
  15            4.159
  16            4.163
Temperature: loadcase=1,period=22
   1            8.166
   2            8.166
   3            8.166
   4            8.166
   5            8.166
   6            8.166
   7            8.166
   8            8.166
   9            4.135
  10            4.140
  11            4.135
  12            4.141
  13            4.139
  14            4.137
  15            4.139
  16            4.136
Temperature: loadcase=1,period=23
   1            7.905
   2            7.905
   3            7.905
   4            7.905
   5            7.905
   6            7.905
   7            7.905
   8            7.905
   9            3.687
  10            3.668
  11            3.686
  12            3.668
  13            3.669
  14            3.684
  15            3.670
  16            3.685
Temperature: loadcase=1,period=24
   1            7.677
   2            7.677
   3            7.677
   4            7.677
   5            7.677
   6            7.677
   7            7.677
   8            7.677
   9            3.643
  10            3.655
  11            3.643
  12            3.655
  13            3.651
  14            3.647
  15            3.651
  16            3.647
Temperature: loadcase=1,period=25
   1            7.448
   2            7.448
   3            7.448
   4            7.448
   5            7.448
   6            7.448
   7            7.448
   8            7.448
   9            3.255
  10            3.243
  11            3.256
  12            3.244
  13            3.249
  14            3.251
  15            3.248
  16            3.250
Temperature: loadcase=1,period=26
   1            7.246
   2            7.246
   3            7.246
   4            7.246
   5            7.246
   6            7.246
   7            7.246
   8            7.246
   9            3.212
  10            3.224
  11            3.211
  12            3.224
  13            3.218
  14            3.218
  15            3.218
  16            3.218
Temperature: loadcase=1,period=27
   1            7.044
   2            7.044
   3            7.044
   4            7.044
   5            7.044
   6            7.044
   7            7.044
   8            7.044
   9            2.877
  10            2.865
  11            2.877
  12            2.866
  13            2.872
  14            2.872
  15            2.871
  16            2.871
Temperature: loadcase=1,period=28
   1            6.865
   2            6.865
   3            6.865
   4            6.865
   5            6.865
   6            6.865
   7            6.865
   8            6.865
   9            2.832
  10            2.844
  11            2.832
  12            2.844
  13            2.842
  14            2.834
  15            2.843
  16            2.833
Temperature: loadcase=1,period=29
   1            6.687
   2            6.687
   3            6.687
   4            6.687
   5            6.687
   6            6.687
   7            6.687
   8            6.687
   9            2.543
  10            2.531
  11            2.543
  12            2.532
  13            2.529
  14            2.545
  15            2.530
  16            2.545
Temperature: loadcase=1,period=30
   1            6.529
   2            6.529
   3            6.529
   4            6.529
   5            6.529
   6            6.529
   7            6.529
   8            6.529
   9            2.495
  10            2.511
  11            2.495
  12            2.510
  13            2.511
  14            2.494
  15            2.511
  16            2.495
Temperature: loadcase=1,period=31
   1            6.372
   2            6.372
   3            6.372
   4            6.372
   5            6.372
   6            6.372
   7            6.372
   8            6.372
   9            2.251
  10            2.233
  11            2.251
  12            2.233
  13            2.231
  14            2.253
  15            2.231
  16            2.253
Temperature: loadcase=1,period=32
   1            6.233
   2            6.233
   3            6.233
   4            6.233
   5            6.233
   6            6.233
   7            6.233
   8            6.233
   9            2.201
  10            2.214
  11            2.201
  12            2.214
  13            2.215
  14            2.201
  15            2.214
  16            2.200
Temperature: loadcase=1,period=33
   1            6.094
   2            6.094
   3            6.094
   4            6.094
   5            6.094
   6            6.094
   7            6.094
   8            6.094
   9            1.987
  10            1.974
  11            1.987
  12            1.975
  13            1.976
  14            1.986
  15            1.976
  16            1.985
Temperature: loadcase=1,period=34
   1            5.971
   2            5.971
   3            5.971
   4            5.971
   5            5.971
   6            5.971
   7            5.971
   8            5.971
   9            1.942
  10            1.952
  11            1.942
  12            1.952
  13            1.949
  14            1.946
  15            1.948
  16            1.946
Temperature: loadcase=1,period=35
   1            5.848
   2            5.848
   3            5.848
   4            5.848
   5            5.849
   6            5.848
   7            5.849
   8            5.848
   9            1.753
  10            1.748
  11            1.753
  12            1.747
  13            1.749
  14            1.751
  15            1.749
  16            1.751
Temperature: loadcase=1,period=36
   1            5.740
   2            5.740
   3            5.740
   4            5.740
   5            5.740
   6            5.740
   7            5.740
   8            5.740
   9            1.714
  10            1.721
  11            1.713
  12            1.721
  13            1.720
  14            1.714
  15            1.720
  16            1.714
Temperature: loadcase=1,period=37
   1            5.632
   2            5.632
   3            5.632
   4            5.632
   5            5.632
   6            5.632
   7            5.632
   8            5.632
   9            1.548
  10            1.545
  11            1.548
  12            1.545
  13            1.545
  14            1.547
  15            1.545
  16            1.547
Temperature: loadcase=1,period=38
   1            5.536
   2            5.536
   3            5.536
   4            5.536
   5            5.536
   6            5.536
   7            5.536
   8            5.536
   9            1.516
  10            1.513
  11            1.517
  12            1.513
  13            1.513
  14            1.517
  15            1.512
  16            1.517
Temperature: loadcase=1,period=39
   1            5.441
   2            5.441
   3            5.441
   4            5.441
   5            5.441
   6            5.441
   7            5.441
   8            5.441
   9            1.364
  10            1.368
  11            1.363
  12            1.369
  13            1.367
  14            1.365
  15            1.367
  16            1.365
Temperature: loadcase=1,period=40
   1            5.356
   2            5.356
   3            5.356
   4            5.356
   5            5.356
   6            5.356
   7            5.356
   8            5.356
   9            1.341
  10            1.331
  11            1.341
  12            1.332
  13            1.335
  14            1.337
  15            1.335
  16            1.337
Temperature: loadcase=1,period=41
   1            5.272
   2            5.272
   3            5.272
   4            5.272
   5            5.272
   6            5.272
   7            5.272
   8            5.272
   9            1.207
  10            1.207
  11            1.207
  12            1.207
  13            1.204
  14            1.209
  15            1.204
  16            1.210
Temperature: loadcase=1,period=42
   1            5.197
   2            5.197
   3            5.197
   4            5.197
   5            5.197
   6            5.197
   7            5.197
   8            5.197
   9            1.180
  10            1.178
  11            1.180
  12            1.177
  13            1.181
  14            1.176
  15            1.181
  16            1.176
Temperature: loadcase=1,period=43
   1            5.123
   2            5.123
   3            5.123
   4            5.123
   5            5.123
   6            5.123
   7            5.123
   8            5.123
   9            1.063
  10            1.069
  11            1.063
  12            1.069
  13            1.065
  14            1.067
  15            1.065
  16            1.067
Temperature: loadcase=1,period=44
   1            5.056
   2            5.056
   3            5.056
   4            5.056
   5            5.056
   6            5.056
   7            5.056
   8            5.056
   9            1.041
  10            1.039
  11            1.041
  12            1.039
  13            1.042
  14            1.038
  15            1.041
  16            1.038
Temperature: loadcase=1,period=45
   1            4.991
   2            4.991
   3            4.991
   4            4.991
   5            4.991
   6            4.991
   7            4.991
   8            4.991
   9            0.943
  10            0.940
  11            0.943
  12            0.940
  13            0.938
  14            0.946
  15            0.938
  16            0.946
Temperature: loadcase=1,period=46
   1            4.932
   2            4.932
   3            4.932
   4            4.932
   5            4.932
   6            4.932
   7            4.932
   8            4.932
   9            0.922
  10            0.913
  11            0.922
  12            0.913
  13            0.916
  14            0.919
  15            0.916
  16            0.919
Temperature: loadcase=1,period=47
   1            4.875
   2            4.875
   3            4.875
   4            4.875
   5            4.875
   6            4.875
   7            4.875
   8            4.875
   9            0.830
  10            0.834
  11            0.830
  12            0.834
  13            0.832
  14            0.832
  15            0.832
  16            0.832
Temperature: loadcase=1,period=48
   1            4.823
   2            4.823
   3            4.823
   4            4.823
   5            4.823
   6            4.823
   7            4.823
   8            4.823
   9            0.806
  10            0.812
  11            0.806
  12            0.812
  13            0.811
  14            0.808
  15            0.811
  16            0.808
Temperature: loadcase=1,period=49
   1            4.772
   2            4.772
   3            4.772
   4            4.772
   5            4.772
   6            4.772
   7            4.772
   8            4.772
   9            0.733
  10            0.737
  11            0.733
  12            0.738
  13            0.736
  14            0.733
  15            0.737
  16            0.733
Temperature: loadcase=1,period=50
   1            4.727
   2            4.727
   3            4.727
   4            4.727
   5            4.727
   6            4.727
   7            4.727
   8            4.727
   9            0.713
  10            0.715
  11            0.713
  12            0.715
  13            0.710
  14            0.718
  15            0.710
  16            0.718
Temperature: loadcase=1,period=51
   1            4.682
   2            4.682
   3            4.682
   4            4.682
   5            4.682
   6            4.682
   7            4.682
   8            4.682
   9            0.648
  10            0.650
  11            0.648
  12            0.650
  13            0.652
  14            0.646
  15            0.652
  16            0.646
Temperature: loadcase=1,period=52
   1            4.641
   2            4.641
   3            4.641
   4            4.641
   5            4.641
   6            4.641
   7            4.641
   8            4.641
   9            0.631
  10            0.628
  11            0.632
  12            0.628
  13            0.628
  14            0.632
  15            0.627
  16            0.632
Temperature: loadcase=1,period=53
   1            4.602
   2            4.602
   3            4.602
   4            4.602
   5            4.602
   6            4.602
   7            4.602
   8            4.602
   9            0.575
  10            0.572
  11            0.575
  12            0.572
  13            0.575
  14            0.572
  15            0.575
  16            0.572
Temperature: loadcase=1,period=54
   1            4.566
   2            4.566
   3            4.566
   4            4.566
   5            4.566
   6            4.566
   7            4.566
   8            4.566
   9            0.555
  10            0.556
  11            0.555
  12            0.556
  13            0.554
  14            0.558
  15            0.553
  16            0.558
Temperature: loadcase=1,period=55
   1            4.531
   2            4.531
   3            4.531
   4            4.531
   5            4.531
   6            4.531
   7            4.531
   8            4.531
   9            0.504
  10            0.509
  11            0.505
  12            0.509
  13            0.511
  14            0.502
  15            0.511
  16            0.502
Temperature: loadcase=1,period=56
   1            4.500
   2            4.500
   3            4.500
   4            4.500
   5            4.500
   6            4.500
   7            4.500
   8            4.500
   9            0.493
  10            0.488
  11            0.493
  12            0.488
  13            0.486
  14            0.494
  15            0.486
  16            0.494
Temperature: loadcase=1,period=57
   1            4.469
   2            4.469
   3            4.469
   4            4.469
   5            4.469
   6            4.469
   7            4.469
   8            4.469
   9            0.446
  10            0.449
  11            0.446
  12            0.449
  13            0.448
  14            0.446
  15            0.449
  16            0.447
Temperature: loadcase=1,period=58
   1            4.441
   2            4.441
   3            4.441
   4            4.441
   5            4.441
   6            4.441
   7            4.441
   8            4.441
   9            0.433
  10            0.432
  11            0.432
  12            0.432
  13            0.437
  14            0.428
  15            0.437
  16            0.428
Temperature: loadcase=1,period=59
   1            4.414
   2            4.414
   3            4.414
   4            4.414
   5            4.414
   6            4.414
   7            4.414
   8            4.414
   9            0.393
  10            0.397
  11            0.393
  12            0.397
  13            0.392
  14            0.398
  15            0.392
  16            0.398
Temperature: loadcase=1,period=60
   1            4.389
   2            4.389
   3            4.389
   4            4.389
   5            4.389
   6            4.389
   7            4.389
   8            4.389
   9            0.383
  10            0.380
  11            0.383
  12            0.380
  13            0.384
  14            0.379
  15            0.384
  16            0.379
Temperature: loadcase=1,period=61
   1            4.366
   2            4.366
   3            4.366
   4            4.366
   5            4.366
   6            4.366
   7            4.366
   8            4.366
   9            0.348
  10            0.349
  11            0.348
  12            0.350
  13            0.345
  14            0.353
  15            0.345
  16            0.353
Temperature: loadcase=1,period=62
   1            4.344
   2            4.344
   3            4.344
   4            4.344
   5            4.344
   6            4.344
   7            4.344
   8            4.344
   9            0.337
  10            0.337
  11            0.336
  12            0.337
  13            0.338
  14            0.335
  15            0.338
  16            0.335
Temperature: loadcase=1,period=63
   1            4.323
   2            4.323
   3            4.323
   4            4.323
   5            4.323
   6            4.323
   7            4.323
   8            4.323
   9            0.308
  10            0.308
  11            0.308
  12            0.308
  13            0.307
  14            0.310
  15            0.307
  16            0.310
Temperature: loadcase=1,period=64
   1            4.303
   2            4.303
   3            4.303
   4            4.303
   5            4.303
   6            4.303
   7            4.303
   8            4.303
   9            0.298
  10            0.297
  11            0.297
  12            0.297
  13            0.297
  14            0.297
  15            0.298
  16            0.297
Temperature: loadcase=1,period=65
   1            4.285
   2            4.285
   3            4.285
   4            4.285
   5            4.285
   6            4.285
   7            4.285
   8            4.285
   9            0.273
  10            0.271
  11            0.273
  12            0.272
  13            0.272
  14            0.273
  15            0.272
  16            0.272
Temperature: loadcase=1,period=66
   1            4.268
   2            4.268
   3            4.268
   4            4.268
   5            4.268
   6            4.268
   7            4.268
   8            4.268
   9            0.262
  10            0.262
  11            0.262
  12            0.262
  13            0.258
  14            0.266
  15            0.259
  16            0.266
Temperature: loadcase=1,period=67
   1            4.251
   2            4.251
   3            4.251
   4            4.251
   5            4.251
   6            4.251
   7            4.251
   8            4.251
   9            0.240
  10            0.241
  11            0.240
  12            0.241
  13            0.243
  14            0.238
  15            0.243
  16            0.238
Temperature: loadcase=1,period=68
   1            4.236
   2            4.237
   3            4.236
   4            4.237
   5            4.236
   6            4.236
   7            4.236
   8            4.236
   9            0.236
  10            0.227
  11            0.235
  12            0.227
  13            0.222
  14            0.240
  15            0.223
  16            0.240
Temperature: loadcase=1,period=69
   1            4.222
   2            4.222
   3            4.222
   4            4.222
   5            4.222
   6            4.222
   7            4.222
   8            4.222
   9            0.209
  10            0.216
  11            0.209
  12            0.216
  13            0.218
  14            0.207
  15            0.218
  16            0.207
Temperature: loadcase=1,period=70
   1            4.209
   2            4.209
   3            4.209
   4            4.209
   5            4.209
   6            4.209
   7            4.209
   8            4.209
   9            0.206
  10            0.202
  11            0.206
  12            0.202
  13            0.198
  14            0.211
  15            0.198
  16            0.210
Temperature: loadcase=1,period=71
   1            4.196
   2            4.196
   3            4.196
   4            4.196
   5            4.196
   6            4.196
   7            4.196
   8            4.196
   9            0.185
  10            0.190
  11            0.185
  12            0.190
  13            0.193
  14            0.182
  15            0.193
  16            0.182
Temperature: loadcase=1,period=72
   1            4.184
   2            4.184
   3            4.184
   4            4.184
   5            4.184
   6            4.184
   7            4.184
   8            4.184
   9            0.185
  10            0.175
  11            0.185
  12            0.175
  13            0.174
  14            0.187
  15            0.174
  16            0.187
Temperature: loadcase=1,period=73
   1            4.173
   2            4.173
   3            4.173
   4            4.173
   5            4.173
   6            4.173
   7            4.173
   8            4.173
   9            0.160
  10            0.171
  11            0.160
  12            0.171
  13            0.174
  14            0.157
  15            0.174
  16            0.158
Temperature: loadcase=1,period=74
   1            4.163
   2            4.163
   3            4.163
   4            4.163
   5            4.163
   6            4.163
   7            4.163
   8            4.163
   9            0.162
  10            0.156
  11            0.161
  12            0.156
  13            0.155
  14            0.163
  15            0.155
  16            0.163
Temperature: loadcase=1,period=75
   1            4.153
   2            4.153
   3            4.153
   4            4.153
   5            4.153
   6            4.153
   7            4.153
   8            4.153
   9            0.147
  10            0.146
  11            0.147
  12            0.146
  13            0.148
  14            0.145
  15            0.148
  16            0.145
Temperature: loadcase=1,period=76
   1            4.144
   2            4.144
   3            4.144
   4            4.144
   5            4.144
   6            4.144
   7            4.144
   8            4.144
   9            0.138
  10            0.142
  11            0.138
  12            0.142
  13            0.138
  14            0.142
  15            0.139
  16            0.142
Temperature: loadcase=1,period=77
   1            4.135
   2            4.135
   3            4.135
   4            4.135
   5            4.135
   6            4.135
   7            4.135
   8            4.135
   9            0.132
  10            0.127
  11            0.132
  12            0.126
  13            0.129
  14            0.129
  15            0.129
  16            0.130
Temperature: loadcase=1,period=78
   1            4.127
   2            4.127
   3            4.127
   4            4.127
   5            4.127
   6            4.127
   7            4.127
   8            4.127
   9            0.122
  10            0.126
  11            0.122
  12            0.126
  13            0.124
  14            0.124
  15            0.124
  16            0.123
Temperature: loadcase=1,period=79
   1            4.119
   2            4.119
   3            4.119
   4            4.119
   5            4.119
   6            4.119
   7            4.119
   8            4.119
   9            0.117
  10            0.111
  11            0.117
  12            0.111
  13            0.112
  14            0.116
  15            0.112
  16            0.117
Temperature: loadcase=1,period=80
   1            4.112
   2            4.112
   3            4.112
   4            4.112
   5            4.112
   6            4.112
   7            4.112
   8            4.112
   9            0.108
  10            0.111
  11            0.108
  12            0.111
  13            0.112
  14            0.106
  15            0.112
  16            0.107
Temperature: loadcase=1,period=81
   1            4.105
   2            4.105
   3            4.105
   4            4.105
   5            4.105
   6            4.105
   7            4.105
   8            4.105
   9            0.101
  10            0.100
  11            0.101
  12            0.100
  13            0.098
  14            0.104
  15            0.098
  16            0.104
Temperature: loadcase=1,period=82
   1            4.099
   2            4.099
   3            4.099
   4            4.099
   5            4.099
   6            4.099
   7            4.099
   8            4.099
   9            0.094
  10            0.099
  11            0.094
  12            0.099
  13            0.100
  14            0.093
  15            0.100
  16            0.093
Temperature: loadcase=1,period=83
   1            4.093
   2            4.093
   3            4.093
   4            4.093
   5            4.093
   6            4.093
   7            4.093
   8            4.093
   9            0.094
  10            0.085
  11            0.094
  12            0.084
  13            0.083
  14            0.095
  15            0.083
  16            0.095
Temperature: loadcase=1,period=84
   1            4.087
   2            4.087
   3            4.087
   4            4.087
   5            4.087
   6            4.087
   7            4.087
   8            4.087
   9            0.078
  10            0.092
  11            0.078
  12            0.092
  13            0.091
  14            0.079
  15            0.091
  16            0.079
Temperature: loadcase=1,period=85
   1            4.082
   2            4.082
   3            4.082
   4            4.082
   5            4.082
   6            4.082
   7            4.082
   8            4.082
   9            0.084
  10            0.073
  11            0.084
  12            0.073
  13            0.071
  14            0.086
  15            0.071
  16            0.086
Temperature: loadcase=1,period=86
   1            4.077
   2            4.077
   3            4.077
   4            4.077
   5            4.077
   6            4.077
   7            4.077
   8            4.077
   9            0.073
  10            0.077
  11            0.073
  12            0.077
  13            0.077
  14            0.073
  15            0.077
  16            0.073
Temperature: loadcase=1,period=87
   1            4.072
   2            4.072
   3            4.072
   4            4.072
   5            4.072
   6            4.072
   7            4.072
   8            4.072
   9            0.072
  10            0.066
  11            0.072
  12            0.067
  13            0.068
  14            0.071
  15            0.068
  16            0.070
Temperature: loadcase=1,period=88
   1            4.068
   2            4.068
   3            4.068
   4            4.068
   5            4.068
   6            4.068
   7            4.068
   8            4.068
   9            0.062
  10            0.071
  11            0.062
  12            0.071
  13            0.067
  14            0.065
  15            0.067
  16            0.066
Temperature: loadcase=1,period=89
   1            4.064
   2            4.064
   3            4.064
   4            4.064
   5            4.064
   6            4.064
   7            4.064
   8            4.064
   9            0.066
  10            0.057
  11            0.065
  12            0.057
  13            0.061
  14            0.062
  15            0.061
  16            0.061
Temperature: loadcase=1,period=90
   1            4.060
   2            4.060
   3            4.060
   4            4.060
   5            4.060
   6            4.060
   7            4.060
   8            4.060
   9            0.057
  10            0.060
  11            0.057
  12            0.059
  13            0.056
  14            0.061
  15            0.056
  16            0.061
Temperature: loadcase=1,period=91
   1            4.056
   2            4.056
   3            4.056
   4            4.056
   5            4.056
   6            4.056
   7            4.056
   8            4.056
   9            0.056
  10            0.052
  11            0.056
  12            0.052
  13            0.054
  14            0.054
  15            0.054
  16            0.054
Temperature: loadcase=1,period=92
   1            4.053
   2            4.053
   3            4.053
   4            4.053
   5            4.053
   6            4.053
   7            4.053
   8            4.053
   9            0.052
  10            0.051
  11            0.052
  12            0.051
  13            0.052
  14            0.051
  15            0.051
  16            0.052
Temperature: loadcase=1,period=93
   1            4.050
   2            4.050
   3            4.050
   4            4.050
   5            4.050
   6            4.050
   7            4.050
   8            4.050
   9            0.049
  10            0.046
  11            0.049
  12            0.046
  13            0.045
  14            0.051
  15            0.045
  16            0.051
Temperature: loadcase=1,period=94
   1            4.047
   2            4.047
   3            4.047
   4            4.047
   5            4.047
   6            4.047
   7            4.047
   8            4.047
   9            0.046
  10            0.045
  11            0.047
  12            0.044
  13            0.047
  14            0.044
  15            0.047
  16            0.044
Temperature: loadcase=1,period=95
   1            4.044
   2            4.044
   3            4.044
   4            4.044
   5            4.044
   6            4.044
   7            4.044
   8            4.044
   9            0.043
  10            0.042
  11            0.043
  12            0.042
  13            0.040
  14            0.044
  15            0.040
  16            0.044
Temperature: loadcase=1,period=96
   1            4.041
   2            4.041
   3            4.041
   4            4.041
   5            4.041
   6            4.041
   7            4.041
   8            4.041
   9            0.042
  10            0.039
  11            0.041
  12            0.039
  13            0.041
  14            0.040
  15            0.041
  16            0.039
Temperature: loadcase=1,period=97
   1            4.039
   2            4.039
   3            4.039
   4            4.039
   5            4.039
   6            4.039
   7            4.039
   8            4.039
   9            0.034
  10            0.041
  11            0.034
  12            0.041
  13            0.037
  14            0.037
  15            0.037
  16            0.037
Temperature: loadcase=1,period=98
   1            4.036
   2            4.036
   3            4.036
   4            4.036
   5            4.036
   6            4.036
   7            4.036
   8            4.036
   9            0.038
  10            0.033
  11            0.038
  12            0.033
  13            0.034
  14            0.037
  15            0.034
  16            0.037
Temperature: loadcase=1,period=99
   1            4.034
   2            4.034
   3            4.034
   4            4.034
   5            4.034
   6            4.034
   7            4.034
   8            4.034
   9            0.030
  10            0.036
  11            0.029
  12            0.036
  13            0.034
  14            0.032
  15            0.034
  16            0.032
Temperature: loadcase=1,period=100
   1            4.032
   2            4.032
   3            4.032
   4            4.032
   5            4.032
   6            4.032
   7            4.032
   8            4.032
   9            0.034
  10            0.028
  11            0.035
  12            0.028
  13            0.031
  14            0.032
  15            0.031
  16            0.032
